  0.0000
  0.0000
  0.0001
  0.0001
  0.0003
  0.0006
  0.0016
  0.0045
  0.0120
  0.0300
  0.0670
  0.1390
  0.2720
  0.5150
  0.9510
  1.2900
  1.7600
  2.4100
  3.3300
  4.6400
  6.5200
  9.3000
 13.2000
 19.0700
 27.7000
 32.2000
 37.6000
 43.7000
 51.0000
 59.5000
 69.5000
 81.2000
 95.0000
111.0000
130.0000
153.0000
179.0000
209.0000
243.0000
281.0000
324.0000
372.0000
426.0000
487.0000
554.0000
628.0000
710.0000
802.0000
902.0000
1013.0000
380.000
316.800
262.400
222.200
190.500
178.300
165.000
165.100
174.100
196.100
218.100
240.100
257.100
269.300
275.700
275.200
269.900
263.700
257.500
251.300
245.200
239.000
233.700
228.450
225.100
223.900
222.800
221.600
220.400
219.200
217.900
216.800
215.700
215.700
215.700
215.700
215.800
222.300
228.800
235.300
241.700
248.200
254.700
261.200
267.200
273.200
279.200
285.200
289.700
294.200
   0.2492
   0.2514
   0.2818
   0.3885
   0.6554
   1.2134
   3.6365
   5.6518
   5.5263
   4.3824
   4.3446
   4.6315
   5.0638
   5.3596
   5.5032
   5.5031
   5.4585
   5.3281
   5.1622
   5.1133
   5.1333
   5.1238
   5.0651
   4.9115
   4.7184
   4.5246
   4.3835
   4.1293
   3.9879
   3.8453
   3.7629
   3.7339
   3.8248
   3.9443
   4.0638
   5.9762
   9.5546
  33.6209
 105.2787
 264.6307
 432.2695
 664.9920
1035.7275
1519.3101
2226.3398
3801.2522
5954.8165
9622.3824
13687.3552
18623.3196
0.000000E+00
0.000000E+00
0.000000E+00
0.000000E+00
0.000000E+00
0.000000E+00
0.000000E+00
0.000000E+00
0.000000E+00
0.000000E+00
0.000000E+00
0.000000E+00
0.000000E+00
0.000000E+00
0.000000E+00
0.000000E+00
0.000000E+00
0.000000E+00
0.000000E+00
0.000000E+00
0.000000E+00
0.000000E+00
0.000000E+00
0.000000E+00
0.000000E+00
0.000000E+00
0.000000E+00
0.000000E+00
0.000000E+00
0.000000E+00
0.000000E+00
0.000000E+00
0.000000E+00
0.000000E+00
0.000000E+00
0.000000E+00
0.000000E+00
0.000000E+00
0.000000E+00
0.000000E+00
0.000000E+00
0.000000E+00
0.000000E+00
0.000000E+00
0.000000E+00
0.000000E+00
0.000000E+00
0.000000E+00
0.000000E+00
0.000000E+00
  235.3000   1013.00
1000.0  50.0
  58.3
